25
0000000000000001000000000
0000000000100001000000100
0000000000100001000011110
0000000011000001000100001
0000011110010001001111000
0000110000010111001000000
0001100000010000000000011
1111000000010001000001111
0000000000010001001111111
0000000000010001111000000
0000000000010000001111000
0000000000010000000000000
1111111111111111111110001
0000000000010000001000010
0000000000010011001000100
0001111111110000001000000
0000000000000000001000000
0000000000010000000111110
0000001111100000111110000
0000000000000000011000000
0000000000000000000000000
0001111111111111111111111
0000000000000000000000011
0110000000000000000111000
0010000100111000001000100
